,11)...

17, 7666116161. 30, 4 111όό666 6111116161 61 Ρ1111(16
11611611.213,19.30,5χ1611’ς.111,8.161’β(6161.11,14

1.6666 Ρ1111.(161161.11(]1 213,7.(16111·.111112453.
33, 51116661. 33, 7. Ρ1111. (161 1.166(]11 213, 6. 30,15
κάμινος. 10,16 1166666616166. 8,14 66111661 6,Ρ1111
(161,1·61611 223,16. 9166111161 Ρ1111.(161.1·611(]11 223, 19.

Ρ1111, (16 cup divit. 356, 12 11161161.61.(161.1611611 223, 17
3561211616. 66161. 3561311616611161161611211,225.
223, 18. 3621 12616116. 363, 5 6611111161. (161 11611611.
212, 24 61611161, 6611116161· (116161. 212, 25 16666616.
219, 1816111666 6166 6111166. 343, 18 210,1 141616111611111·

61116 curios, 3,35 18, 22611116666616166 223, 19 6116616.
223,]Ὗ766161161. (1661111559, 6 1161616161. 563,14
6616616161.563151166616161 5532316611.

(16 curios. 335 17 37797777‘777.
1161611116 61116166.
IV 7 22 16166166κοὶ6661.

Hor. 66111 1, 53 61161616,91111161111.55 66611116 70 6666116.
74 666166 6166, 6661661116.

(1611111666 61 mdia significant:

Tel. 1, 7 1116616116 3, 977776777717767. 6916611611. 8, 15
’6166661166 180166616166611612613 1666111161.
38,111161661616616,38 5. 38, 12 6611611111· 61. Ρ1111.
(1611611611. 231, 23.

Ρ1111 1. (16 cup. divit . 1361, 5 66166616 365, 13 χρυσοχόος, τορεοτής,
μύρεψος, μάγειρος. 61. Epiot. IH 26, 21 Ρ1111. (16 curios,
344, 12. 355, 1 ἀλείπτης 61. 116161. ΙΙΙ 26,21. 355, 3
πυκτικός. 359, 9τοκιοτής, πραγματευτής. 367, 20 οἰνοχόος.
(1611611611. 228, 5 παλαιστής. 229, 1566666116. 61. (16 6111166.
351, 5.

(16 curios. 338, 567977937. 343, 7777757777. 344, 13 (111616.
348, 13 κυνηγός.

116161. Π 16, 9 κιθαρῳδόςΙ
HI 26, 27 ἐργάτης, σκυτεύς, (1611661166.

Hor. sat. 1 l, 5 611116. 0 1116166161. 9 66111616, 111116666611166.
29 emmo, 6611161115 616166.
1161111661651666161161166111111616161) 61,11·1.18,111·,1.1

Ρ1111,(166116 (11111. 356, 2. 358, 3. (1161161116210, 3 217, 5,

14. (16 6111166. 342, 22 Η61.661.11, 82. 116611611661661111111

¹)c.f etiam 6. gn 1111116 11611161 66.1)16,616(111.1ἰ4, 6 (1
Diogenem 6611611117136.

 

